0,273
0,270
3,1
3,3
10,260
10,200
10,14
10,224
10,144
10,216
10,74
10,182
9,7
9,4
9,1
9,6
8,18
8,12
8,15
8,17
8,9
8,2
18,1
18,3
14,1
14,3
13,1
13,3
2,2
2,1
2,3
158,3
158,2
158,1
158,0
157,3
157,2
157,1
157,0
129,5
129,4
129,3
129,2
129,1
129,0
125,3
125,2
125,1
125,0
115,5
115,4
115,3
115,2
115,1
115,0
112,5
112,4
112,3
112,2
112,1
112,0
99,3
99,2
99,1
99,0
76,3
76,1
31,4
31,3
31,1
30,5
30,3
30,1
29,4
29,3
29,1
28,3
28,1
26,4
26,3
26,1
25,3
25,2
25,1
20,3
20,2
20,1
19,3
19,2
19,1
12,3
12,2
12,1
11,29
11,28
11,27
11,26
11,25
11,24
11,23
11,22
11,21
11,20
11,19
11,18
11,17
11,16
11,15
11,14
11,13
11,12
11,11
11,10
11,9
11,8
11,7
11,6
11,5
11,4
11,3
